STAAD SPACE
START JOB INFORMATION
ENGINEER DATE 28-Nov-21
END JOB INFORMATION
INPUT WIDTH 79
UNIT METER KN
JOINT COORDINATES
1 0 0 0; 2 2.257 0 0; 3 0 2.65 0; 4 2.257 2.65 0; 5 0 5.5 0; 6 2.257 5.5 0;
7 7.257 5.5 0; 8 12.257 5.5 0; 9 7.257 2.2 0; 11 0 8.68 0; 12 2.257 8.68 0;
13 7.257 8.68 0; 14 12.257 8.68 0; 15 0 11.81 0; 16 2.257 11.81 0;
17 7.257 11.81 0; 18 12.257 11.81 0; 19 0 14.81 0; 20 2.257 14.81 0;
21 7.257 14.81 0; 22 12.257 14.81 0; 23 0 19.15 0; 24 2.257 19.15 0;
25 17.843 8.68 0; 26 17.843 11.81 0; 27 17.843 14.81 0; 29 0 0 4.977;
30 2.257 0 4.977; 31 0 2.65 4.977; 32 2.257 2.65 4.977; 33 0 5.5 4.977;
34 2.257 5.5 4.977; 35 7.257 5.5 4.977; 36 12.257 5.5 4.977;
37 7.257 2.2 4.977; 39 0 8.68 4.977; 40 2.257 8.68 4.977; 41 7.257 8.68 4.977;
42 12.257 8.68 4.977; 43 0 11.81 4.977; 44 2.257 11.81 4.977;
45 7.257 11.81 4.977; 46 12.257 11.81 4.977; 47 0 14.81 4.977;
48 2.257 14.81 4.977; 49 7.257 14.81 4.977; 50 12.257 14.81 4.977;
51 0 19.15 4.977; 52 2.257 19.15 4.977; 53 17.843 8.68 4.977;
54 17.843 11.81 4.977; 55 17.843 14.81 4.977; 57 0 0 2.48; 58 2.257 0 2.48;
59 0 2.65 2.48; 60 2.257 2.65 2.48; 61 0 5.5 2.48; 62 2.257 5.5 2.48;
63 0 8.68 2.48; 64 2.257 8.68 2.48; 65 0 11.81 2.48; 66 2.257 11.81 2.48;
67 0 14.81 2.48; 68 2.257 14.81 2.48; 69 0 19.15 2.48; 70 2.257 19.15 2.48;
71 17.843 7.68 0; 72 17.843 7.68 4.977; 73 12.257 4.5 0; 74 12.257 4.5 4.977;
MEMBER INCIDENCES
1 1 3; 2 2 4; 3 3 5; 4 4 6; 5 6 7; 6 7 8; 7 7 9; 9 5 6; 10 3 4; 11 5 11;
12 6 12; 13 7 13; 14 8 14; 15 12 13; 16 13 14; 17 11 12; 18 11 15; 19 12 16;
20 13 17; 21 14 18; 22 16 17; 23 17 18; 24 15 16; 25 15 19; 26 16 20; 27 17 21;
28 18 22; 29 20 21; 30 21 22; 31 19 20; 32 19 23; 33 20 24; 34 23 24; 35 14 25;
36 18 26; 37 22 27; 38 25 26; 39 26 27; 47 7 35; 48 8 36; 53 13 41; 54 14 42;
57 17 45; 58 18 46; 61 21 49; 62 22 50; 65 25 53; 66 26 54; 67 27 55; 69 29 31;
70 30 32; 71 31 33; 72 32 34; 73 34 35; 74 35 36; 75 35 37; 77 33 34; 78 31 32;
79 33 39; 80 34 40; 81 35 41; 82 36 42; 83 40 41; 84 41 42; 85 39 40; 86 39 43;
87 40 44; 88 41 45; 89 42 46; 90 44 45; 91 45 46; 92 43 44; 93 43 47; 94 44 48;
95 45 49; 96 46 50; 97 48 49; 98 49 50; 99 47 48; 100 47 51; 101 48 52;
102 51 52; 103 42 53; 104 46 54; 105 50 55; 106 53 54; 107 54 55; 111 3 59;
112 4 60; 113 5 61; 114 6 62; 115 11 63; 116 12 64; 117 15 65; 118 16 66;
119 19 67; 120 20 68; 121 23 69; 122 24 70; 123 57 59; 124 58 60; 125 59 61;
126 60 62; 127 61 62; 128 59 60; 129 61 63; 130 62 64; 131 63 64; 132 63 65;
133 64 66; 134 65 66; 135 65 67; 136 66 68; 137 67 68; 138 67 69; 139 68 70;
140 69 70; 141 59 31; 142 60 32; 143 61 33; 144 62 34; 145 63 39; 146 64 40;
147 65 43; 148 66 44; 149 67 47; 150 68 48; 151 69 51; 152 70 52; 167 25 71;
168 53 72; 169 8 73; 170 36 74;
ELEMENT INCIDENCES SHELL
153 23 24 70 69; 154 69 70 52 51; 155 22 27 55 50; 156 21 22 50 49;
157 20 21 49 48; 158 18 26 54 46; 159 17 18 46 45; 160 16 17 45 44;
161 14 25 53 42; 162 13 14 42 41; 163 12 13 41 40; 165 7 8 36 35;
166 6 7 35 34;
ELEMENT PROPERTY
153 TO 163 165 166 THICKNESS 0.15
DEFINE MATERIAL START
ISOTROPIC CONCRETE
E 2.17185e+007
POISSON 0.17
DENSITY 23.5616
ALPHA 1e-005
DAMP 0.05
TYPE CONCRETE
STRENGTH FCU 27579
END DEFINE MATERIAL
MEMBER PROPERTY AMERICAN
9 10 17 24 31 34 77 78 85 92 99 102 111 TO 122 127 128 131 134 137 -
140 TO 152 PRIS YD 0.3 ZD 0.23
5 TO 7 13 TO 16 20 TO 23 27 TO 30 35 TO 39 47 48 53 54 57 58 61 62 65 TO 67 -
73 TO 75 81 TO 84 88 TO 91 95 TO 98 103 TO 107 167 TO 169 -
170 PRIS YD 0.457 ZD 0.23
1 TO 4 11 12 18 19 25 26 32 33 69 TO 72 79 80 86 87 93 94 100 101 123 TO 126 -
129 130 132 133 135 136 138 139 PRIS YD 0.23 ZD 0.457
CONSTANTS
MATERIAL CONCRETE ALL
SUPPORTS
1 2 9 29 30 37 57 58 71 TO 74 FIXED
LOAD 1 LOADTYPE Dead  TITLE DL
SELFWEIGHT Y -1 LIST ALL
MEMBER LOAD
5 6 9 10 15 TO 17 22 TO 24 29 TO 31 35 TO 37 47 53 54 57 58 61 62 65 TO 67 -
73 74 77 78 83 TO 85 90 TO 92 97 TO 99 103 TO 105 111 TO 120 127 128 131 -
134 137 141 TO 150 UNI GY -14.72
31 99 119 120 137 149 150 UNI GY -19.96
FLOOR LOAD
YRANGE 5 5.5 FLOAD -1 XRANGE 2.257 18  GY
YRANGE 8 8.68 FLOAD -1 XRANGE 2.257 18  GY
YRANGE 11 11.81 FLOAD -1 XRANGE 2.257 18  GY
YRANGE 14 14.81 FLOAD -1 XRANGE 2.257 18  GY
YRANGE 19 19.15 FLOAD -1 XRANGE 0 2.257  GY
MEMBER LOAD
29 30 34 37 61 62 67 97 98 102 105 121 122 140 151 152 UNI GY -4.14
LOAD 2 LOADTYPE Live REDUCIBLE TITLE LL
FLOOR LOAD
YRANGE 8.68 8.68 FLOAD -1 XRANGE 2.257 18  GY
YRANGE 5.5 5.5 FLOAD -1 XRANGE 2.257 18  GY
YRANGE 11.81 11.81 FLOAD -1 XRANGE 2.257 18  GY
YRANGE 14.81 14.81 FLOAD -1 XRANGE 2.257 18  GY
YRANGE 19.15 19.15 FLOAD -1 XRANGE 0 2.257  GY
LOAD 3 LOADTYPE Wind  TITLE WL 
MEMBER LOAD
1 3 11 18 25 32 69 71 79 86 93 100 123 125 129 132 135 138 UNI GX 2.81
1 TO 4 7 11 TO 14 18 TO 21 25 TO 28 32 33 38 39 167 169 UNI GZ 6.1
69 TO 72 75 79 TO 82 86 TO 89 93 TO 96 100 101 106 107 168 170 UNI GZ -6.1
LOAD COMB 4 COMBINATION LOAD CASE 4
1 1.5 2 1.5 3 1.5 
PERFORM ANALYSIS PRINT ALL
START CONCRETE DESIGN
CODE INDIAN
CLEAR 0.025 MEMB 9 10 17 24 31 34 77 78 85 92 99 102 111 TO 122 127 128 131 -
134 137 140 TO 152
CLEAR 0.045 MEMB 1 TO 7 11 TO 16 18 TO 23 25 TO 30 32 33 35 TO 39 47 48 53 -
54 57 58 61 62 65 TO 67 69 TO 75 79 TO 84 86 TO 91 93 TO 98 100 101 -
103 TO 107 123 TO 126 129 130 132 133 135 136 138 139 167 TO 170
FC 20000 ALL
FYMAIN 500000 ALL
FYSEC 500000 ALL
MAXMAIN 20 ALL
MAXSEC 10 ALL
MINMAIN 12 ALL
MINSEC 8 ALL
TRACK 0 MEMB 1 TO 7 9 TO 39 47 48 53 54 57 58 61 62 65 TO 67 69 TO 75 -
77 TO 107 111 TO 152
DESIGN BEAM 5 6 9 10 15 TO 17 22 TO 24 29 TO 31 34 TO 37 47 48 53 54 57 58 -
61 62 65 TO 67 73 74 77 78 83 TO 85 90 TO 92 97 TO 99 102 TO 105 111 TO 122 -
127 128 131 134 137 140 TO 152
DESIGN COLUMN 1 TO 4 7 11 TO 14 18 TO 21 25 TO 28 32 33 38 39 69 TO 72 75 -
79 TO 82 86 TO 89 93 TO 96 100 101 106 107 123 TO 126 129 130 132 133 135 -
136 138 139 167 TO 170
END CONCRETE DESIGN
FINISH
